ISS (ZARYA)             
1 25544U 98067A   15308.57652543  .00009703  00000-0  14988-3 0  9996
2 25544  51.6446 103.4091 0006739 107.2771 297.1146 15.54802299969881
TIANGONG 1              
1 37820U 11053A   15308.62221501  .00026987  00000-0  24692-3 0  9994
2 37820  42.7651 153.7768 0016607 276.7737 183.4235 15.67076144235314
SPINSAT                 
1 40314U 98067FL  15307.88266797  .00032895  00000-0  32381-3 0  9998
2 40314  51.6390  95.8300 0005424 269.3524  90.6850 15.65653939104510
FLOCK 1B-27             
1 40422U 98067FN  15287.40141468  .12345523  12126-4  18481-2 0  9998
2 40422  51.6214 176.1519 0007733 223.4824 136.5742 16.33460552 44986
FLOCK 1B-21             
1 40427U 98067FQ  15285.15460855  .07377933  12094-4  12919-2 0  9995
2 40427  51.6373 188.1715 0005804 192.9707 167.8607 16.31966186 44658
FLOCK 1D-1              
1 40451U 98067FU  15286.21737536  .23981306  12451-4  98879-3 0  9993
2 40451  51.6016 180.9501 0006721 248.3966 111.7479 16.43343702 44824
FLOCK 1D-2              
1 40452U 98067FV  15308.65827201  .00156797  00000-0  70314-3 0  9996
2 40452  51.6327  81.1858 0007484 295.9281 159.8815 15.83127099 48151
FLOCK 1B-6              
1 40454U 98067FX  15289.07090480  .13466187  12217-4  19252-2 0  9994
2 40454  51.5995 170.0820 0007749 264.0906  96.1726 16.33901976 45213
GEARRS-1                
1 40456U 98067FZ  15308.73138623  .02101326  11847-4  10945-2 0  9990
2 40456  51.6300  68.9831 0010080 314.9940  45.0260 16.19402175 48320
PROGRESS-M 28M          
1 40713U 15031A   15307.62102318  .00009245  00000-0  14327-3 0  9994
2 40713  51.6448 108.1798 0006744 104.1138 348.5383 15.54781295 19212
FLOCK 1E-2              
1 40722U 98067GE  15308.82549774  .00171571  00000-0  16292-2 0  9992
2 40722  51.6416  98.0954 0005455 307.9151 202.3061 15.65790711 17789
FLOCK 1E-1              
1 40723U 98067GF  15308.81289339  .00039462  00000-0  44147-3 0  9993
2 40723  51.6411  98.7801 0003763 322.2624 179.2764 15.62316015 17722
FLOCK 1E-4              
1 40724U 98067GG  15308.83265831  .00041974  00000-0  47142-3 0  9996
2 40724  51.6425  98.8868 0003933 236.5111 278.1918 15.62185982 17726
FLOCK 1E-3              
1 40725U 98067GH  15308.87826046  .00072483  00000-0  74904-3 0  9997
2 40725  51.6394  97.6669 0004988 261.0040 259.5536 15.64077998 17710
FLOCK 1E-7              
1 40726U 98067GJ  15308.82630098  .00037006  00000-0  41798-3 0  9990
2 40726  51.6423  98.8533 0003147 322.8952 187.8274 15.62101505 17577
FLOCK 1E-8              
1 40727U 98067GK  15308.82459806  .00076241  00000-0  83674-3 0  9990
2 40727  51.6437  98.8606 0002790 320.8684 182.5430 15.62529580 17569
FLOCK 1E-5              
1 40728U 98067GL  15308.68064049  .00037862  00000-0  42368-3 0  9997
2 40728  51.6417  99.5041 0005126 285.2348 165.6886 15.62323011 17553
FLOCK 1E-6              
1 40729U 98067GM  15308.80774053  .00041359  00000-0  45535-3 0  9990
2 40729  51.6407  98.7457 0004274 288.1906 213.2045 15.62704825 17586
FLOCK 1E-9              
1 40736U 98067GN  15308.64411625  .00037133  00000-0  42626-3 0  9996
2 40736  51.6424 100.0240 0001336 314.1285 133.0697 15.61684188 17520
FLOCK 1E-10             
1 40737U 98067GP  15308.70109541  .00039088  00000-0  44220-3 0  9998
2 40737  51.6436  99.6341 0001344 307.3555 147.7154 15.62037661 17543
FLOCK 1E-11             
1 40738U 98067GQ  15308.81187270  .00035348  00000-0  37553-3 0  9992
2 40738  51.6408  98.0206 0003728 268.7133 232.7947 15.63695302 17397
FLOCK 1E-12             
1 40739U 98067GR  15308.69984958  .00036540  00000-0  41540-3 0  9993
2 40739  51.6420  99.6022 0004607 283.2152 181.4647 15.61934632 17370
FLOCK 1E-13             
1 40740U 98067GS  15308.82166777  .00040679  00000-0  45389-3 0  9994
2 40740  51.6422  98.8277 0002191 311.8871 199.0376 15.62374672 17376
FLOCK 1E-14             
1 40741U 98067GT  15308.81654685  .00040789  00000-0  45387-3 0  9994
2 40741  51.6425  98.8121 0002125 298.2720 204.9178 15.62443855 17361
ARKYD-3R                
1 40742U 98067GU  15308.81766419  .00170980  00000-0  11947-2 0  9995
2 40742  51.6413  95.7957 0001896 284.0072 219.5869 15.73225329 17409
CENTENNIAL 1            
1 40743U 98067GV  15308.91124226  .00117303  00000-0  97788-3 0  9999
2 40743  51.6393  96.5771 0003418 304.7671 128.8873 15.69206532 17404
SOYUZ-TMA 17M           
1 40744U 15035A   15307.62102318  .00009245  00000-0  14327-3 0  9992
2 40744  51.6448 108.1798 0006744 104.1138 348.5383 15.54781295 16145
SOYUZ-TMA 18M           
1 40885U 15043A   15307.62102318  .00009245  00000-0  14327-3 0  9997
2 40885  51.6448 108.1798 0006744 104.1138 348.5383 15.54781295  9727
SERPENS                 
1 40897U 98067GX  15307.91004870  .00079275  00000-0  97031-3 0  9996
2 40897  51.6407 105.8105 0004976 124.0221 236.1245 15.59668389  7270
S-CUBE                  
1 40898U 98067GY  15308.84112437  .00039629  00000-0  53552-3 0  9998
2 40898  51.6406 101.5264 0007260 105.9879 254.1913 15.57323823  7412
PROGRESS-M 29M          
1 40944U 15055A   15307.62102318  .00009245  00000-0  14327-3 0  9996
2 40944  51.6448 108.1798 0006744 104.1138 348.5383 15.54781295  5123
HST                     
1 20580U 90037B   15308.45560487  .00002158  00000-0  12608-3 0  9996
2 20580  28.4708 308.8893 0002648 304.5112 184.0287 15.07840717201004
